File Format = ASCII
Created by Nova, NT-MDT ltd., 02.03.2022 20:23:02
File: F:\Фото\Nova1047\NoName7.mdt
NX = 256
NY = 10
Scale X = 392,1568
Scale Y = 392,1569
Scale Data = -0,1000
Bias X = 505765,5938
Bias Y = 474280,0000
Bias Data = 3276,7000
Unit X = Angstrom
Unit Y = Angstrom
Unit Data = nm
DataScaleNeeded = Yes
Start of Data : 
-7294 -7342 -7739 -8011 -8031 -7997 -8000 -8007 -8056 -8126 -8156 -8145 -8128 -8138 -8152 -8166 -8194 -8221 -8248 -8254 -8247 -8254 -8246 -8253 -8260 -8266 -8259 -8219 -8188 -8143 -8118 -8107 -8079 -8030 -7970 -7910 -7822 -7731 -7699 -7674 -7608 -7553 -7462 -7402 -7393 -7390 -7405 -7452 -7486 -7496 -7474 -7453 -7477 -7496 -7465 -7416 -7353 -7284 -7097 -6842 -6559 -6587 -6580 -6665 -6629 -6515 -6540 -6679 -6745 -6748 -6730 -6665 -6391 -5805 -5536 -5503 -5423 -5466 -5879 -6091 -6071 -6058 -6045 -5995 -5874 -5620 -5017 -4505 -3904 -3559 -2998 -2669 -2118 -1567 -1182 -1131 -765 -625 -61 1108 6820 16436 18834 9267 -123 -3628 -3509 -3323 -3204 -3095 -3010 -2967 -2890 -2636 -2337 -2062 -1901 -2152 -3019 -3644 -4037 -4284 -4478 -4702 -5020 -5445 -5780 -5938 -6012 -5956 -5847 -5738 -5532 -5424 -5415 -5526 -5578 -5649 -5891 -6116 -6228 -6224 -6143 -5871 -5533 -5210 -4774 -4262 -3657 -3180 -2882 -2856 -2990 -3040 -3150 -3176 -3168 -3069 -2922 -2877 -3051 -3232 -3275 -3466 -3806 -3890 -3781 -3612 -3694 -4104 -4583 -5098 -5224 -5500 -6524 -6944 -6719 -6759 -6782 -6727 -6595 -6475 -6455 -6368 -6112 -5983 -6017 -6213 -6332 -6373 -6462 -6631 -6717 -6781 -6777 -6771 -7061 -7440 -7674 -7761 -7762 -7744 -7699 -7681 -7750 -7833 -7835 -7798 -7693 -7582 -7442 -7262 -7020 -6570 -6230 -6058 -6034 -6156 -6382 -6659 -6779 -6818 -6780 -6760 -6811 -6849 -6905 -6958 -7066 -7148 -7165 -7102 -7096 -7116 -7148 -7163 -7160 -7191 -7240 -7255 -7235 -7202 -7209 -7222 -7194 -7169 -7152 -7131 -7112 -7109 -7098 -7093 -7086 -7075 -7102 -7137
-8095 -8106 -8333 -8536 -8687 -8735 -8628 -8469 -8450 -8480 -8510 -8500 -8472 -8497 -8514 -8531 -8558 -8589 -8604 -8605 -8604 -8593 -8595 -8603 -8622 -8626 -8603 -8573 -8523 -8471 -8435 -8387 -8371 -8352 -8302 -8209 -8053 -7938 -7923 -7915 -7911 -7897 -7817 -7792 -7803 -7810 -7832 -7859 -7865 -7853 -7839 -7851 -7927 -7980 -7967 -7913 -7846 -7749 -7592 -7410 -7314 -7301 -7272 -7254 -7306 -7296 -7195 -7126 -7153 -7198 -7213 -7140 -6948 -6560 -6284 -6001 -5981 -6051 -6353 -6604 -6811 -6906 -6843 -6571 -6357 -6111 -5794 -5371 -4836 -4514 -4301 -4028 -3771 -3532 -3446 -3383 -3258 -3077 -2832 -2554 -2418 -2395 -2389 -2394 -2381 -2325 -2208 -1749 -1372 -1199 -867 -594 -300 70 389 743 792 607 200 -378 -776 -1192 -1540 -1853 -2202 -2450 -2786 -3268 -3610 -3914 -4026 -4068 -4156 -3924 -3788 -4102 -4250 -4253 -4259 -4352 -4509 -4610 -4569 -4374 -4250 -4287 -4101 -3932 -3624 -3272 -2810 -2467 -2425 -2417 -2344 -2155 -1862 -1739 -1785 -1771 -1985 -2341 -2430 -2409 -2516 -2495 -2705 -2938 -3075 -3247 -3543 -3996 -4334 -4700 -5017 -5327 -5669 -5809 -5840 -5798 -5767 -5786 -5872 -5986 -5976 -5961 -6021 -6118 -6221 -6305 -6323 -6221 -5977 -5905 -5901 -5833 -5778 -6197 -6551 -6700 -6740 -6775 -6802 -6830 -6860 -6940 -6994 -6965 -6891 -6849 -6736 -6463 -6127 -5719 -5522 -5537 -5587 -5597 -5697 -5939 -6081 -6148 -6156 -6146 -6189 -6254 -6324 -6369 -6373 -6364 -6353 -6302 -6279 -6351 -6395 -6425 -6455 -6481 -6505 -6520 -6521 -6491 -6476 -6492 -6498 -6518 -6541 -6528 -6490 -6443 -6438 -6443 -6442 -6460 -6492 -6516
-7960 -8087 -8249 -8364 -8488 -8555 -8480 -8392 -8340 -8307 -8394 -8508 -8543 -8458 -8427 -8424 -8451 -8483 -8498 -8507 -8504 -8473 -8466 -8473 -8476 -8476 -8454 -8433 -8374 -8316 -8286 -8237 -8205 -8182 -8123 -7958 -7740 -7662 -7658 -7662 -7672 -7668 -7641 -7679 -7703 -7722 -7726 -7732 -7717 -7692 -7685 -7703 -7756 -7868 -7910 -7885 -7816 -7679 -7522 -7392 -7341 -7292 -7238 -7225 -7240 -7235 -7182 -7123 -7079 -7061 -7070 -7064 -6940 -6548 -6282 -6172 -6083 -6116 -6399 -6602 -6792 -6888 -6816 -6519 -6273 -6022 -5676 -5370 -5067 -4820 -4554 -4226 -3806 -3445 -2998 -2626 -2106 -1306 -766 -867 -466 -104 324 638 708 1036 1269 1550 2020 2053 2032 2071 2037 1821 1671 1416 1017 688 507 96 -288 -800 -1097 -1265 -1523 -2036 -2288 -2498 -2721 -3030 -3409 -3452 -3396 -3391 -3453 -3768 -4070 -4322 -4355 -4311 -4314 -4332 -4328 -4150 -3927 -3512 -2908 -2493 -1656 56 5720 7010 -1712 -4248 -3387 -1585 1937 751 -3338 -3493 -3473 -3764 -4051 -4066 -4218 -4380 -4390 -4415 -4403 -4343 -4416 -4778 -5172 -5424 -5476 -5718 -6180 -6391 -6385 -6332 -6275 -6100 -5877 -5705 -5565 -5545 -5664 -5817 -5914 -5960 -5992 -6165 -6447 -6514 -6533 -6422 -6309 -6460 -6748 -6967 -7029 -7011 -6997 -7001 -6998 -7003 -7023 -7005 -6979 -6932 -6789 -6541 -6204 -5899 -5829 -5880 -5924 -5901 -5857 -5926 -6087 -6240 -6373 -6429 -6452 -6495 -6539 -6548 -6526 -6510 -6489 -6444 -6386 -6376 -6392 -6442 -6503 -6538 -6566 -6587 -6606 -6613 -6603 -6593 -6601 -6608 -6601 -6607 -6586 -6525 -6475 -6475 -6496 -6492 -6554 -6607
-7869 -7891 -7934 -7961 -7982 -8014 -8030 -8035 -8044 -8030 -8124 -8221 -8285 -8278 -8220 -8206 -8206 -8209 -8204 -8206 -8199 -8191 -8198 -8196 -8197 -8187 -8172 -8146 -8062 -8016 -7993 -7959 -7884 -7819 -7722 -7606 -7529 -7499 -7483 -7503 -7492 -7425 -7371 -7368 -7369 -7370 -7376 -7391 -7377 -7364 -7350 -7330 -7319 -7346 -7415 -7434 -7394 -7298 -7219 -7192 -7167 -7117 -7079 -7070 -7062 -7064 -7115 -7107 -7003 -6927 -6854 -6769 -6710 -6736 -6791 -6795 -6800 -6853 -6901 -6978 -7078 -7008 -6795 -6420 -6074 -5735 -5518 -4971 -4416 -4127 -3679 -3091 -2639 -2218 -1468 209 5621 -740 -3191 -2539 -2152 -1712 -1211 -779 -526 -489 -237 250 411 388 549 707 943 1239 1374 1043 517 234 69 96 16 -763 -1288 -1623 -1820 -2105 -2529 -2773 -2959 -3113 -3271 -3524 -3760 -3813 -3678 -3659 -3827 -4170 -4451 -4537 -4486 -4465 -4341 -4164 -4033 -3663 -3121 -2942 -3091 -3213 -3371 -3455 -3507 -3458 -3380 -3238 -3019 -2976 -2950 -2884 -2916 -3035 -3320 -3487 -3725 -3938 -4125 -4283 -4367 -4315 -4300 -4535 -4889 -5112 -5452 -5774 -5847 -6049 -6123 -6158 -6132 -5978 -5792 -5651 -5586 -5527 -5616 -5839 -6141 -6224 -6287 -6366 -6428 -6478 -6441 -6321 -6144 -6135 -6328 -6552 -6707 -6754 -6762 -6753 -6742 -6737 -6730 -6710 -6687 -6668 -6602 -6466 -6275 -5918 -6011 -6091 -6053 -5959 -5768 -5590 -5621 -5749 -5909 -6086 -6239 -6320 -6335 -6319 -6330 -6344 -6348 -6332 -6277 -6177 -6090 -6086 -6129 -6183 -6196 -6202 -6241 -6231 -6212 -6223 -6258 -6302 -6347 -6379 -6363 -6342 -6310 -6200 -6120 -6077 -6108 -6233
-8127 -8193 -8225 -8228 -8210 -8237 -8274 -8296 -8312 -8315 -8384 -8437 -8475 -8469 -8457 -8426 -8401 -8414 -8436 -8414 -8401 -8412 -8409 -8412 -8399 -8377 -8328 -8290 -8223 -8175 -8149 -8087 -8014 -7930 -7822 -7795 -7767 -7736 -7702 -7663 -7668 -7646 -7572 -7541 -7538 -7512 -7499 -7491 -7487 -7496 -7499 -7482 -7437 -7412 -7382 -7364 -7369 -7380 -7378 -7363 -7342 -7323 -7331 -7367 -7362 -7331 -7347 -7360 -7344 -7337 -7293 -7141 -6883 -6620 -6401 -6328 -6344 -6529 -6687 -6732 -6734 -6757 -6746 -6613 -6342 -6033 -5722 -5200 -4505 -4085 -3776 -2983 -2749 -2921 -2881 -2775 -2673 -2415 -2039 -1380 -1222 -1229 -892 -204 631 2171 7662 14712 5962 -1775 -1735 -675 225 3796 12529 22000 17596 8037 -2322 -3857 -3332 -3413 -3378 -3680 -3651 -3624 -3988 -4465 -4646 -4593 -4564 -4829 -5124 -5184 -5199 -5303 -5395 -5510 -5467 -5443 -5354 -5309 -5219 -5039 -4827 -4509 -4487 -4587 -4674 -4740 -4841 -4925 -4989 -4990 -4908 -4751 -4543 -4492 -4461 -4436 -4449 -4442 -4610 -4806 -5017 -5323 -5482 -5565 -5635 -5645 -5583 -5708 -6009 -6469 -6848 -6987 -7025 -7048 -7019 -6953 -6906 -6801 -6583 -6429 -6413 -6614 -6841 -6868 -7056 -7194 -7190 -7147 -7148 -7115 -7089 -7021 -6934 -6920 -6998 -7145 -7219 -7257 -7284 -7290 -7299 -7306 -7290 -7253 -7212 -7209 -7184 -7126 -7041 -6904 -6864 -6897 -6896 -6826 -6615 -6537 -6581 -6554 -6493 -6523 -6676 -6768 -6829 -6868 -6872 -6876 -6858 -6871 -6907 -6892 -6752 -6533 -6484 -6481 -6469 -6461 -6463 -6489 -6528 -6576 -6636 -6747 -6805 -6815 -6821 -6775 -6730 -6650 -6518 -6409 -6454 -6576
-8311 -8358 -8381 -8365 -8322 -8301 -8312 -8331 -8335 -8345 -8409 -8477 -8519 -8539 -8545 -8525 -8466 -8401 -8409 -8412 -8415 -8436 -8458 -8470 -8460 -8418 -8378 -8339 -8293 -8228 -8132 -8030 -7974 -7917 -7860 -7844 -7846 -7779 -7727 -7695 -7697 -7706 -7612 -7477 -7463 -7480 -7475 -7459 -7475 -7492 -7516 -7523 -7478 -7451 -7415 -7395 -7392 -7399 -7399 -7370 -7323 -7319 -7356 -7329 -7328 -7348 -7369 -7398 -7408 -7451 -7470 -7343 -7031 -6903 -6802 -6585 -6478 -6575 -6743 -6855 -6949 -6962 -6921 -6777 -6572 -6304 -6013 -5387 -4623 -4190 -3629 -3471 -3497 -3456 -3401 -3297 -3180 -2885 -2429 -2055 -1874 -1733 -1555 -1378 -783 -433 -319 -190 -8 63 190 321 567 1115 1562 2328 4617 11960 14821 4518 -3436 -3518 -3345 -3564 -3637 -3586 -3603 -3650 -3909 -4078 -4113 -4469 -4763 -4718 -4846 -5055 -5202 -5270 -5307 -5280 -5303 -5292 -5174 -4897 -4586 -4298 -4271 -4354 -4526 -4857 -4852 -4273 -3305 515 7071 -524 -4908 -4799 -4488 -4390 -4561 -4798 -4921 -4956 -5187 -5413 -5411 -5388 -5427 -5428 -5391 -5478 -5962 -6223 -6624 -6797 -6800 -6789 -6786 -6767 -6631 -6392 -6322 -6539 -6775 -6859 -6876 -6806 -6799 -6881 -6947 -6966 -6967 -6954 -6894 -6826 -6782 -6781 -6764 -6694 -6658 -6782 -6897 -6982 -7049 -7106 -7151 -7115 -7063 -7038 -6999 -6997 -6984 -6929 -6862 -6880 -6876 -6800 -6626 -6572 -6593 -6588 -6517 -6410 -6437 -6523 -6634 -6693 -6730 -6654 -6589 -6592 -6646 -6691 -6433 -6184 -6067 -6065 -6076 -6094 -6120 -6163 -6229 -6276 -6321 -6382 -6490 -6538 -6529 -6452 -6413 -6367 -6280 -6209 -6218 -6335
-8327 -8375 -8394 -8380 -8329 -8282 -8297 -8286 -8259 -8303 -8333 -8397 -8431 -8442 -8456 -8438 -8377 -8312 -8279 -8311 -8348 -8372 -8380 -8382 -8336 -8255 -8228 -8198 -8105 -7997 -7918 -7925 -7949 -7933 -7851 -7789 -7728 -7678 -7627 -7569 -7550 -7501 -7366 -7330 -7255 -7248 -7292 -7339 -7376 -7367 -7338 -7330 -7320 -7261 -7231 -7238 -7249 -7250 -7265 -7263 -7260 -7231 -7231 -7220 -7182 -7205 -7246 -7237 -7247 -7274 -7281 -7129 -6956 -6774 -6717 -6555 -6349 -6544 -6696 -6746 -6772 -6824 -6769 -6542 -6220 -5912 -5511 -5071 -4856 -4570 -4164 -3648 -3661 -3653 -3510 -3481 -3368 -3149 -2900 -2617 -2281 -2022 -1609 -971 -435 -299 36 126 250 468 470 476 301 60 -213 -517 -683 -750 -863 -997 -969 -988 -1134 -1423 -1543 -1575 -1644 -1849 -2113 -2124 -2349 -2680 -3003 -3073 -3127 -3414 -3671 -3851 -3983 -4030 -4025 -3843 -3546 -3367 -3217 -3453 -3473 -3463 -3774 -3892 -3858 -3794 -3746 -3766 -3720 -3599 -3467 -3310 -3124 -3126 -3459 -3591 -3609 -3724 -3955 -4182 -4224 -4209 -4196 -4231 -4387 -4507 -4933 -5418 -5669 -5833 -5945 -5944 -5886 -5783 -5633 -5362 -5652 -6126 -6278 -6326 -6277 -6230 -6141 -6112 -6205 -6245 -6258 -6229 -6219 -6204 -6212 -6192 -6103 -5975 -5864 -5934 -6053 -6123 -6113 -6113 -6277 -6360 -6408 -6436 -6409 -6394 -6402 -6403 -6407 -6389 -6390 -6350 -6232 -6111 -6042 -5984 -5958 -5923 -5772 -5808 -5868 -5930 -5983 -6005 -5925 -5944 -5875 -5772 -5498 -5162 -5124 -5169 -5219 -5279 -5350 -5424 -5478 -5518 -5571 -5667 -5772 -5828 -5854 -5862 -5743 -5690 -5681 -5652 -5660 -5551
-8259 -8312 -8331 -8347 -8348 -8239 -8211 -8220 -8263 -8282 -8302 -8318 -8328 -8358 -8390 -8357 -8274 -8181 -8198 -8249 -8274 -8272 -8277 -8250 -8196 -8131 -8067 -7963 -7892 -7775 -7758 -7815 -7842 -7809 -7714 -7650 -7589 -7559 -7532 -7469 -7341 -7242 -7258 -7234 -7203 -7118 -7158 -7214 -7243 -7219 -7183 -7187 -7221 -7187 -7045 -6919 -6899 -6984 -7032 -7078 -7121 -7081 -7091 -7084 -7053 -7009 -7017 -7025 -7014 -7068 -7073 -7005 -6904 -6699 -6494 -6327 -6134 -6184 -6416 -6592 -6648 -6623 -6560 -6241 -5770 -5482 -5247 -4876 -4498 -4034 -3664 -3806 -3972 -4010 -3916 -3786 -3638 -3398 -3191 -2846 -2409 -1650 -1757 -1501 -1009 -438 -749 -569 -260 23 1009 9457 -499 -1834 -1803 -1800 -802 6252 1713 -2453 -2963 -3271 -2538 -1081 -4048 -4063 -3993 -3900 -3748 -3652 -3641 -3685 -3825 -4083 -4290 -4390 -4535 -4714 -4871 -4900 -4858 -4732 -4687 -4849 -5099 -5091 -5060 -4994 -5050 -5113 -5118 -5063 -5003 -5057 -5021 -4901 -4727 -4555 -4442 -4288 -4555 -4774 -4818 -4856 -5005 -5161 -5251 -5255 -5259 -5336 -5427 -5539 -5592 -5970 -6366 -6441 -6571 -6576 -6532 -6467 -6331 -6057 -6207 -6600 -6765 -6900 -6974 -6963 -6797 -6653 -6624 -6651 -6648 -6602 -6561 -6562 -6563 -6567 -6553 -6557 -6534 -6453 -6331 -6323 -6373 -6376 -6478 -6639 -6704 -6729 -6733 -6772 -6802 -6788 -6735 -6734 -6717 -6696 -6635 -6539 -6508 -6486 -6417 -6333 -6238 -6111 -6013 -6010 -6039 -6029 -5988 -6012 -5967 -5656 -5351 -5201 -5215 -5274 -5327 -5389 -5482 -5575 -5650 -5768 -5965 -6118 -6068 -6026 -6021 -5964 -5901 -5856 -5858 -5816 -5795 -5771
-8256 -8276 -8316 -8324 -8314 -8296 -8287 -8264 -8256 -8278 -8298 -8308 -8283 -8287 -8292 -8247 -8205 -8161 -8166 -8207 -8211 -8190 -8167 -8150 -8123 -8093 -8048 -7956 -7743 -7701 -7721 -7719 -7732 -7779 -7816 -7751 -7716 -7583 -7439 -7386 -7334 -7175 -7120 -7112 -7092 -7053 -7110 -7133 -7120 -7114 -7123 -7102 -7087 -7034 -6838 -6572 -6662 -6766 -6841 -6865 -6898 -6935 -6945 -6933 -6888 -6864 -6862 -6846 -6823 -6825 -6816 -6761 -6674 -6582 -6468 -6353 -6174 -6028 -6051 -6185 -6320 -6395 -6380 -6201 -5699 -5025 -4530 -4322 -4140 -4131 -4220 -4284 -4218 -4210 -4212 -4160 -3984 -3835 -3797 -3714 -3507 -3016 -2043 -1594 -1289 -913 -663 -501 -290 -237 -37 374 524 397 104 -156 -359 -603 -828 -1147 -1370 -1528 -1728 -1788 -1794 -1937 -1942 -2068 -2243 -2313 -2324 -2259 -2275 -2309 -2400 -2734 -3385 -3464 -3154 -1189 -3685 -4386 -4439 -4415 -4302 -4229 -4201 -4167 -4228 -4263 -4253 -4265 -4337 -4317 -4286 -4222 -3924 -3600 -3365 -3482 -3744 -3872 -3943 -3977 -4016 -4202 -4365 -4500 -4637 -4648 -4683 -4761 -4844 -5161 -5650 -5767 -5804 -5880 -5905 -5829 -5671 -5427 -5472 -5953 -6137 -6185 -6203 -6206 -6226 -6225 -6135 -6074 -6103 -6112 -6079 -6083 -6110 -6130 -6128 -6104 -6114 -6077 -5939 -5737 -5864 -6114 -6197 -6229 -6265 -6295 -6318 -6354 -6436 -6470 -6393 -6354 -6381 -6383 -6327 -6275 -6239 -6182 -6062 -5905 -5907 -5833 -5717 -5509 -5246 -5150 -5177 -5297 -5288 -5052 -4764 -4548 -4515 -4568 -4656 -4737 -4811 -4882 -4962 -5049 -5123 -5192 -5258 -5323 -5402 -5412 -5286 -5260 -5283 -5330 -5466 -5560
-8202 -8223 -8258 -8274 -8283 -8270 -8244 -8233 -8251 -8280 -8249 -8234 -8232 -8203 -8174 -8145 -8115 -8061 -8026 -8084 -8111 -8090 -8053 -8031 -8034 -8023 -7987 -7930 -7777 -7710 -7730 -7692 -7666 -7761 -7908 -7951 -7867 -7735 -7461 -7296 -7156 -6948 -6796 -6844 -6826 -6802 -6891 -6958 -7022 -7089 -7097 -7075 -7035 -6941 -6629 -6229 -5992 -6223 -6470 -6553 -6506 -6631 -6783 -6807 -6777 -6751 -6697 -6715 -6730 -6695 -6635 -6565 -6468 -6434 -6382 -6316 -6149 -5955 -5878 -5958 -6048 -6154 -6226 -6163 -5699 -5022 -4527 -4220 -3985 -4301 -4446 -4483 -4531 -4569 -4506 -4408 -4214 -3888 -3478 -3070 -2710 -2375 -2116 -1814 -1543 -1248 -1109 -1034 -907 -667 -466 -164 -121 -112 -52 -270 -514 -796 -1051 -1130 -259 -184 -2217 -2279 -2378 -2378 -2514 -2397 -2391 -2291 -2378 -2408 -2492 -2553 -2893 -3120 -3012 -3440 -3864 -4051 -4062 -4070 -4238 -4380 -4483 -4536 -4539 -4520 -4444 -4466 -4503 -4578 -4708 -4724 -4679 -4533 -4207 -3805 -3610 -3580 -3656 -3806 -3929 -4123 -4320 -4489 -4680 -4781 -4874 -4884 -4858 -5169 -5204 -5267 -5474 -5689 -5776 -5762 -5779 -5735 -5545 -5312 -5442 -5925 -6149 -6228 -6293 -6288 -6259 -6231 -6121 -6054 -6091 -6088 -6141 -6158 -6129 -6068 -6072 -6156 -6185 -6120 -6015 -5979 -6096 -6191 -6274 -6256 -6217 -6212 -6273 -6318 -6289 -6318 -6351 -6383 -6461 -6445 -6369 -6328 -6280 -6150 -6033 -5909 -5891 -5915 -5860 -5704 -5237 -4950 -4839 -4667 -4678 -4705 -4655 -4418 -4334 -4415 -4489 -4593 -4740 -4948 -5084 -5172 -5236 -5252 -5233 -5299 -5370 -5346 -5374 -5460 -5514 -5524 -5532 -5601