File Format = ASCII
Created by Nova, NT-MDT ltd., 18.04.2022 21:08:45
File: G:\Фото\Nova1047\NoName2654.mdt
NX = 256
NY = 20
Scale X = 4128,2222
Scale Y = 4112,0000
Scale Data = -0,1000
Bias X = 29417,2515
Bias Y = 0,0000E+0
Bias Data = 3276,7000
Unit X = Angstrom
Unit Y = Angstrom
Unit Data = nm
DataScaleNeeded = Yes
Start of Data : 
-32124 -32124 -32124 -32125 -32124 -32125 -32126 -32125 -32126 -32126 -32126 -32126 -32126 -32126 -32126 -32126 -32126 -32126 -32126 -32126 -32125 -32126 -32126 -32126 -32126 -32126 -32126 -32126 -32126 -32126 -32126 -32126 -32126 -32126 -32126 -32126 -32127 -32126 -32126 -32126 -32126 -32126 -32126 -32126 -32126 -32126 -32127 -32126 -32126 -32126 -32126 -32126 -32126 -32127 -32126 -32126 -32126 -32126 -32126 -32126 -32126 -32126 -32126 -32126 -32126 -32126 -32126 -32126 -32126 -32126 -32126 -32126 -32126 -32126 -32126 -32126 -32126 -32126 -32126 -32126 -32126 -32126 -32126 -32126 -32126 -32126 -32126 -32126 -32126 -32126 -32126 -32126 -32127 -32126 -32126 -32126 -32126 -32126 -32126 -32126 -32126 -32127 -32126 -32126 -32126 -32126 -32126 -32126 -32126 -32126 -32126 -32126 -32126 -32126 -32126 -32126 -32126 -32127 -32127 -32126 -32126 -32126 -32126 -32126 -32126 -32126 -32127 -32126 -32126 -32126 -32126 -32126 -32126 -32127 -32126 -32126 -32126 -32126 -32126 -32126 -32126 -32126 -32126 -32126 -32126 -32126 -32127 -32126 -32127 -32126 -32126 -32126 -32126 -32126 -32126 -32126 -32126 -32127 -32126 -32126 -32126 -32126 -32126 -32126 -32126 -32126 -32126 -32126 -32126 -32126 -32126 -32126 -32126 -32126 -32126 -32126 -32126 -32126 -32126 -32126 -32126 -32126 -32126 -32126 -32126 -32126 -32126 -32126 -32126 -32126 -32126 -32127 -32126 -32126 -32126 -32126 -32126 -32126 -32126 -32126 -32126 -32126 -32126 -32126 -32126 -32126 -32126 -32126 -32126 -32126 -32126 -32126 -32126 -32126 -32126 -32126 -32126 -32126 -32126 -32126 -32126 -32126 -32126 -32126 -32126 -32126 -32126 -32126 -32126 -32126 -32126 -32126 -32126 -32126 -32126 -32127 -32126 -32126 -32126 -32126 -32126 -32126 -32126 -32126 -32126 -32126 -32127 -32126 -32126 -32126 -32126 -32126 -32126 -32126 -32126 -32126
-32126 -32126 -32126 -32126 -32126 -32126 -32126 -32126 -32126 -32126 -32126 -32126 -32126 -32126 -32126 -32126 -32126 -32126 -32126 -32126 -32126 -32127 -32126 -32126 -32126 -32126 -32126 -32126 -32126 -32126 -32126 -32126 -32126 -32126 -32126 -32126 -32126 -32126 -32126 -32126 -32126 -32126 -32126 -32126 -32126 -32126 -32126 -32126 -32126 -32126 -32126 -32126 -32126 -32126 -32126 -32126 -32126 -32126 -32126 -32126 -32126 -32126 -32126 -32126 -32126 -32126 -32126 -32126 -32126 -32126 -32126 -32126 -32126 -32126 -32126 -32126 -32126 -32126 -32126 -32126 -32126 -32128 -32126 -32126 -32126 -32126 -32126 -32126 -32126 -32126 -32126 -32126 -32126 -32126 -32127 -32126 -32126 -32126 -32126 -32126 -32126 -32126 -32126 -32126 -32126 -32126 -32126 -32126 -32126 -32126 -32127 -32126 -32126 -32126 -32126 -32126 -32126 -32126 -32126 -32126 -32126 -32126 -32126 -32126 -32126 -32126 -32126 -32126 -32126 -32126 -32126 -32126 -32126 -32126 -32126 -32126 -32126 -32126 -32126 -32126 -32126 -32126 -32126 -32126 -32126 -32126 -32126 -32126 -32126 -32126 -32127 -32126 -32126 -32126 -32126 -32126 -32126 -32126 -32126 -32126 -32126 -32126 -32126 -32126 -32126 -32126 -32127 -32126 -32126 -32126 -32126 -32126 -32126 -32126 -32126 -32126 -32126 -32126 -32126 -32126 -32127 -32126 -32126 -32126 -32126 -32126 -32126 -32126 -32126 -32126 -32126 -32126 -32126 -32126 -32126 -32127 -32126 -32126 -32126 -32126 -32126 -32126 -32126 -32126 -32126 -32126 -32126 -32127 -32126 -32126 -32126 -32126 -32126 -32128 -32126 -32126 -32126 -32127 -32126 -32126 -32126 -32126 -32126 -32126 -32126 -32126 -32126 -32126 -32126 -32126 -32126 -32126 -32126 -32126 -32126 -32126 -32126 -32126 -32126 -32127 -32126 -32126 -32126 -32126 -32126 -32126 -32126 -32126 -32126 -32126 -32126 -32128 -32126 -32126 -32126 -32126
-32126 -32126 -32126 -32126 -32127 -32126 -32126 -32126 -32126 -32126 -32126 -32126 -32126 -32126 -32128 -32126 -32126 -32126 -32126 -32126 -32126 -32126 -32126 -32126 -32126 -32126 -32126 -32126 -32126 -32126 -32126 -32126 -32127 -32126 -32126 -32126 -32126 -32126 -32127 -32126 -32126 -32126 -32126 -32126 -32126 -32127 -32126 -32126 -32126 -32126 -32126 -32127 -32126 -32126 -32126 -32126 -32126 -32126 -32126 -32126 -32126 -32126 -32125 -32126 -32126 -32127 -32126 -32126 -32126 -32126 -32126 -32126 -32126 -32126 -32126 -32126 -32126 -32126 -32126 -32126 -32126 -32126 -32126 -32126 -32126 -32126 -32126 -32126 -32126 -32126 -32126 -32126 -32126 -32126 -32126 -32126 -32126 -32126 -32126 -32126 -32126 -32126 -32126 -32127 -32126 -32126 -32126 -32126 -32126 -32126 -32126 -32126 -32126 -32126 -32126 -32126 -32126 -32127 -32126 -32126 -32126 -32126 -32126 -32126 -32126 -32128 -32126 -32126 -32126 -32126 -32126 -32126 -32126 -32126 -32126 -32126 -32126 -32126 -32126 -32126 -32127 -32126 -32126 -32127 -32126 -32126 -32126 -32126 -32126 -32126 -32126 -32126 -32126 -32126 -32126 -32126 -32126 -32126 -32126 -32126 -32127 -32126 -32126 -32126 -32127 -32126 -32126 -32126 -32126 -32126 -32126 -32127 -32126 -32126 -32127 -32126 -32126 -32126 -32126 -32126 -32126 -32126 -32126 -32126 -32126 -32126 -32126 -32127 -32126 -32126 -32126 -32126 -32126 -32126 -32126 -32127 -32126 -32126 -32126 -32126 -32126 -32126 -32126 -32126 -32126 -32126 -32126 -32126 -32127 -32126 -32127 -32126 -32126 -32126 -32126 -32126 -32126 -32126 -32126 -32126 -32126 -32126 -32126 -32126 -32126 -32126 -32126 -32126 -32126 -32126 -32126 -32126 -32126 -32126 -32126 -32126 -32126 -32127 -32126 -32126 -32126 -32126 -32126 -32126 -32126 -32126 -32126 -32126 -32126 -32126 -32126 -32126 -32126 -32126 -32126 -32126
-32126 -32126 -32126 -32126 -32126 -32126 -32126 -32126 -32126 -32126 -32126 -32126 -32126 -32126 -32126 -32126 -32126 -32126 -32126 -32126 -32126 -32126 -32126 -32126 -32126 -32126 -32126 -32126 -32127 -32126 -32126 -32127 -32126 -32126 -32126 -32126 -32126 -32126 -32126 -32126 -32126 -32126 -32126 -32126 -32126 -32126 -32126 -32126 -32126 -32126 -32126 -32128 -32126 -32126 -32126 -32126 -32126 -32126 -32126 -32126 -32126 -32127 -32126 -32126 -32126 -32126 -32126 -32126 -32126 -32126 -32126 -32126 -32126 -32126 -32126 -32126 -32126 -32126 -32127 -32126 -32126 -32126 -32126 -32126 -32126 -32126 -32126 -32126 -32125 -32126 -32126 -32126 -32126 -32126 -32126 -32126 -32126 -32126 -32126 -32126 -32126 -32126 -32126 -32126 -32126 -32126 -32126 -32126 -32126 -32126 -32127 -32126 -32126 -32126 -32126 -32126 -32126 -32126 -32126 -32126 -32126 -32126 -32126 -32127 -32126 -32128 -32126 -32126 -32126 -32126 -32126 -32126 -32126 -32126 -32126 -32126 -32126 -32126 -32126 -32126 -32126 -32126 -32126 -32126 -32126 -32126 -32126 -32126 -32126 -32126 -32126 -32126 -32126 -32127 -32126 -32126 -32126 -32126 -32126 -32126 -32128 -32126 -32126 -32126 -32126 -32126 -32126 -32126 -32126 -32126 -32126 -32126 -32126 -32126 -32126 -32126 -32126 -32126 -32126 -32126 -32126 -32126 -32126 -32125 -32126 -32126 -32126 -32126 -32126 -32126 -32126 -32126 -32126 -32126 -32126 -32126 -32126 -32126 -32126 -32127 -32126 -32126 -32126 -32126 -32126 -32126 -32126 -32126 -32126 -32127 -32126 -32126 -32126 -32126 -32126 -32126 -32126 -32126 -32126 -32126 -32126 -32126 -32126 -32126 -32126 -32126 -32126 -32126 -32126 -32126 -32126 -32126 -32126 -32126 -32126 -32126 -32126 -32126 -32126 -32126 -32126 -32126 -32126 -32126 -32126 -32126 -32126 -32126 -32126 -32126 -32126 -32126 -32126 -32126 -32126 -32126
-32126 -32126 -32126 -32128 -32126 -32126 -32126 -32126 -32126 -32126 -32126 -32126 -32126 -32126 -32127 -32126 -32126 -32126 -32126 -32126 -32126 -32126 -32127 -32126 -32126 -32126 -32126 -32126 -32126 -32126 -32126 -32126 -32127 -32126 -32126 -32126 -32126 -32126 -32126 -32126 -32126 -32126 -32126 -32126 -32126 -32126 -32126 -32126 -32126 -32126 -32126 -32126 -32126 -32126 -32126 -32126 -32126 -32126 -32126 -32126 -32126 -32126 -32126 -32126 -32126 -32126 -32126 -32126 -32126 -32126 -32128 -32126 -32126 -32126 -32126 -32126 -32127 -32126 -32126 -32126 -32126 -32126 -32126 -32126 -32126 -32126 -32126 -32126 -32126 -32126 -32126 -32126 -32126 -32126 -32126 -32126 -32126 -32126 -32126 -32126 -32126 -32126 -32126 -32126 -32126 -32126 -32126 -32126 -32126 -32127 -32126 -32126 -32126 -32126 -32128 -32126 -32126 -32126 -32126 -32126 -32126 -32126 -32126 -32126 -32126 -32126 -32126 -32126 -32126 -32126 -32126 -32126 -32126 -32126 -32126 -32126 -32126 -32126 -32126 -32126 -32126 -32126 -32126 -32126 -32127 -32126 -32126 -32126 -32126 -32126 -32126 -32126 -32126 -32126 -32126 -32126 -32126 -32126 -32126 -32126 -32126 -32126 -32126 -32126 -32126 -32126 -32126 -32126 -32126 -32126 -32126 -32127 -32126 -32126 -32126 -32126 -32126 -32126 -32126 -32126 -32126 -32126 -32126 -32126 -32126 -32126 -32126 -32126 -32126 -32126 -32126 -32126 -32126 -32126 -32126 -32126 -32126 -32126 -32126 -32126 -32126 -32126 -32126 -32126 -32126 -32126 -32126 -32126 -32126 -32127 -32126 -32126 -32126 -32126 -32126 -32128 -32126 -32126 -32126 -32126 -32126 -32126 -32126 -32126 -32126 -32126 -32126 -32126 -32126 -32126 -32126 -32126 -32127 -32126 -32126 -32128 -32126 -32126 -32126 -32126 -32126 -32126 -32126 -32126 -32126 -32126 -32126 -32126 -32126 -32126 -32126 -32126 -32125 -32126 -32126 -32126
-32126 -32126 -32126 -32126 -32127 -32126 -32126 -32126 -32126 -32126 -32126 -32126 -32126 -32126 -32126 -32126 -32126 -32126 -32126 -32126 -32126 -32126 -32126 -32126 -32126 -32126 -32126 -32126 -32126 -32126 -32126 -32126 -32127 -32126 -32126 -32126 -32126 -32126 -32126 -32126 -32126 -32126 -32126 -32126 -32126 -32126 -32126 -32126 -32126 -32126 -32126 -32126 -32126 -32126 -32126 -32126 -32127 -32126 -32126 -32126 -32126 -32126 -32126 -32127 -32126 -32126 -32126 -32126 -32126 -32126 -32126 -32127 -32126 -32126 -32126 -32126 -32126 -32126 -32126 -32127 -32126 -32126 -32126 -32126 -32126 -32126 -32126 -32126 -32126 -32126 -32126 -32126 -32128 -32126 -32126 -32127 -32126 -32126 -32126 -32126 -32126 -32126 -32127 -32126 -32126 -32126 -32126 -32126 -32127 -32126 -32126 -32126 -32126 -32126 -32126 -32126 -32126 -32126 -32126 -32128 -32126 -32126 -32126 -32126 -32126 -32126 -32126 -32126 -32126 -32126 -32126 -32126 -32126 -32126 -32126 -32126 -32126 -32126 -32126 -32126 -32126 -32126 -32126 -32127 -32126 -32126 -32126 -32126 -32126 -32126 -32126 -32126 -32126 -32126 -32126 -32126 -32126 -32126 -32126 -32127 -32126 -32126 -32126 -32126 -32126 -32126 -32126 -32126 -32126 -32126 -32126 -32126 -32126 -32126 -32126 -32126 -32126 -32126 -32126 -32126 -32126 -32126 -32126 -32126 -32126 -32126 -32126 -32127 -32126 -32126 -32126 -32126 -32126 -32126 -32126 -32126 -32126 -32126 -32126 -32126 -32126 -32126 -32126 -32126 -32126 -32126 -32126 -32126 -32126 -32126 -32126 -32126 -32126 -32126 -32126 -32126 -32126 -32126 -32126 -32126 -32126 -32126 -32126 -32126 -32126 -32126 -32126 -32126 -32126 -32126 -32126 -32126 -32126 -32126 -32126 -32126 -32126 -32126 -32126 -32126 -32126 -32126 -32126 -32126 -32126 -32126 -32126 -32127 -32126 -32126 -32126 -32126 -32126 -32126 -32126 -32126
-32126 -32126 -32126 -32126 -32126 -32126 -32126 -32126 -32126 -32126 -32126 -32126 -32126 -32126 -32126 -32126 -32126 -32126 -32126 -32126 -32126 -32126 -32126 -32126 -32126 -32126 -32127 -32127 -32126 -32126 -32126 -32126 -32126 -32126 -32126 -32126 -32126 -32126 -32126 -32126 -32126 -32126 -32126 -32126 -32126 -32126 -32127 -32126 -32126 -32126 -32126 -32126 -32126 -32126 -32126 -32126 -32126 -32126 -32126 -32126 -32128 -32126 -32126 -32126 -32126 -32126 -32126 -32126 -32126 -32126 -32126 -32126 -32126 -32126 -32126 -32126 -32126 -32126 -32126 -32126 -32126 -32126 -32126 -32126 -32126 -32126 -32126 -32127 -32126 -32126 -32126 -32126 -32126 -32126 -32126 -32126 -32126 -32126 -32126 -32126 -32126 -32126 -32126 -32126 -32126 -32126 -32126 -32126 -32126 -32126 -32126 -32126 -32126 -32126 -32126 -32126 -32126 -32126 -32126 -32126 -32127 -32126 -32126 -32126 -32126 -32126 -32126 -32126 -32126 -32127 -32126 -32126 -32126 -32126 -32126 -32126 -32126 -32126 -32126 -32126 -32126 -32126 -32126 -32126 -32126 -32127 -32126 -32126 -32126 -32127 -32126 -32126 -32126 -32126 -32126 -32126 -32126 -32126 -32126 -32128 -32126 -32126 -32126 -32126 -32126 -32126 -32126 -32126 -32126 -32126 -32126 -32126 -32126 -32126 -32126 -32126 -32126 -32126 -32126 -32126 -32126 -32126 -32126 -32126 -32126 -32126 -32126 -32126 -32126 -32126 -32126 -32126 -32126 -32126 -32126 -32126 -32126 -32126 -32126 -32126 -32126 -32126 -32126 -32126 -32126 -32126 -32126 -32126 -32126 -32126 -32126 -32126 -32126 -32127 -32126 -32127 -32126 -32126 -32126 -32126 -32126 -32126 -32126 -32126 -32126 -32126 -32126 -32126 -32126 -32126 -32126 -32126 -32125 -32126 -32126 -32126 -32126 -32126 -32125 -32125 -32126 -32126 -32126 -32126 -32126 -32126 -32126 -32126 -32126 -32126 -32126 -32126 -32126 -32126 -32126 -32126
-32126 -32126 -32126 -32126 -32126 -32126 -32126 -32126 -32126 -32126 -32126 -32126 -32127 -32126 -32126 -32127 -32126 -32126 -32126 -32126 -32126 -32126 -32126 -32126 -32126 -32126 -32126 -32126 -32126 -32126 -32126 -32126 -32126 -32126 -32126 -32126 -32127 -32126 -32126 -32126 -32126 -32126 -32126 -32126 -32125 -32127 -32126 -32126 -32126 -32126 -32126 -32126 -32126 -32126 -32126 -32126 -32126 -32126 -32126 -32126 -32126 -32126 -32126 -32126 -32126 -32126 -32126 -32126 -32126 -32126 -32126 -32127 -32126 -32126 -32126 -32128 -32126 -32126 -32126 -32126 -32126 -32126 -32126 -32126 -32126 -32126 -32126 -32126 -32126 -32126 -32126 -32126 -32126 -32126 -32126 -32126 -32126 -32126 -32126 -32126 -32127 -32126 -32126 -32126 -32126 -32126 -32126 -32126 -32126 -32126 -32126 -32126 -32126 -32126 -32126 -32126 -32126 -32126 -32126 -32126 -32126 -32126 -32126 -32126 -32127 -32126 -32126 -32126 -32126 -32126 -32126 -32126 -32126 -32127 -32126 -32126 -32126 -32126 -32126 -32126 -32126 -32126 -32127 -32126 -32126 -32126 -32126 -32126 -32127 -32126 -32127 -32128 -32126 -32126 -32126 -32126 -32127 -32126 -32126 -32126 -32126 -32126 -32126 -32126 -32126 -32127 -32126 -32126 -32126 -32126 -32126 -32126 -32126 -32126 -32126 -32126 -32126 -32126 -32126 -32126 -32126 -32126 -32126 -32127 -32127 -32126 -32126 -32126 -32126 -32126 -32126 -32126 -32126 -32127 -32126 -32126 -32126 -32126 -32126 -32126 -32126 -32126 -32126 -32127 -32126 -32126 -32126 -32126 -32126 -32126 -32126 -32126 -32126 -32126 -32126 -32126 -32126 -32126 -32126 -32126 -32126 -32126 -32126 -32126 -32126 -32126 -32126 -32126 -32126 -32126 -32126 -32126 -32126 -32126 -32126 -32126 -32126 -32126 -32126 -32126 -32126 -32126 -32126 -32127 -32126 -32126 -32126 -32128 -32126 -32126 -32126 -32126 -32126 -32126 -32128 -32126
-32126 -32126 -32126 -32126 -32127 -32127 -32126 -32126 -32126 -32126 -32126 -32126 -32126 -32126 -32126 -32126 -32126 -32126 -32126 -32126 -32127 -32126 -32126 -32127 -32126 -32126 -32127 -32126 -32126 -32128 -32126 -32126 -32126 -32127 -32126 -32126 -32126 -32126 -32126 -32127 -32126 -32126 -32126 -32126 -32126 -32126 -32126 -32126 -32126 -32126 -32126 -32126 -32126 -32126 -32127 -32126 -32126 -32127 -32126 -32126 -32126 -32126 -32126 -32126 -32126 -32126 -32126 -32126 -32127 -32126 -32126 -32126 -32126 -32126 -32126 -32126 -32126 -32126 -32126 -32126 -32126 -32126 -32126 -32126 -32127 -32126 -32126 -32126 -32126 -32126 -32126 -32126 -32126 -32126 -32126 -32127 -32126 -32126 -32126 -32126 -32126 -32126 -32126 -32126 -32126 -32126 -32126 -32126 -32126 -32126 -32126 -32126 -32126 -32126 -32126 -32126 -32127 -32126 -32127 -32126 -32126 -32127 -32126 -32126 -32126 -32126 -32126 -32126 -32126 -32126 -32126 -32126 -32126 -32126 -32126 -32126 -32126 -32126 -32126 -32126 -32126 -32126 -32126 -32126 -32126 -32126 -32126 -32126 -32126 -32126 -32126 -32126 -32126 -32126 -32126 -32126 -32126 -32126 -32126 -32128 -32126 -32126 -32126 -32126 -32126 -32126 -32126 -32126 -32126 -32126 -32127 -32126 -32126 -32126 -32126 -32126 -32126 -32126 -32126 -32126 -32126 -32126 -32126 -32126 -32126 -32127 -32126 -32126 -32126 -32126 -32126 -32127 -32126 -32126 -32126 -32126 -32126 -32126 -32126 -32126 -32126 -32126 -32126 -32126 -32126 -32126 -32126 -32127 -32126 -32126 -32126 -32126 -32126 -32126 -32126 -32126 -32127 -32126 -32126 -32126 -32126 -32126 -32126 -32126 -32126 -32126 -32126 -32126 -32127 -32126 -32126 -32126 -32126 -32126 -32126 -32126 -32126 -32126 -32126 -32126 -32126 -32126 -32126 -32126 -32126 -32126 -32128 -32126 -32126 -32126 -32126 -32126 -32126 -32126 -32127 -32126
-32126 -32126 -32126 -32126 -32126 -32125 -32126 -32126 -32126 -32126 -32126 -32126 -32126 -32126 -32126 -32126 -32126 -32126 -32126 -32126 -32126 -32126 -32127 -32126 -32126 -32126 -32126 -32127 -32126 -32126 -32126 -32126 -32126 -32126 -32126 -32126 -32126 -32127 -32126 -32126 -32126 -32126 -32126 -32127 -32126 -32126 -32126 -32126 -32126 -32126 -32126 -32126 -32126 -32126 -32126 -32126 -32126 -32126 -32126 -32126 -32126 -32126 -32126 -32126 -32126 -32126 -32126 -32126 -32126 -32128 -32126 -32127 -32126 -32126 -32126 -32126 -32126 -32126 -32126 -32126 -32126 -32126 -32126 -32126 -32127 -32126 -32126 -32126 -32126 -32126 -32126 -32127 -32126 -32126 -32126 -32126 -32126 -32126 -32126 -32126 -32126 -32126 -32126 -32126 -32126 -32126 -32126 -32126 -32126 -32126 -32126 -32126 -32126 -32126 -32128 -32126 -32126 -32126 -32127 -32126 -32126 -32126 -32126 -32126 -32126 -32126 -32126 -32126 -32126 -32126 -32126 -32126 -32126 -32126 -32126 -32126 -32126 -32126 -32126 -32126 -32126 -32127 -32126 -32126 -32126 -32126 -32126 -32126 -32126 -32126 -32126 -32126 -32127 -32126 -32126 -32126 -32126 -32126 -32126 -32127 -32126 -32126 -32126 -32126 -32126 -32126 -32126 -32126 -32126 -32126 -32126 -32126 -32126 -32126 -32126 -32126 -32126 -32127 -32126 -32126 -32126 -32126 -32126 -32126 -32126 -32126 -32126 -32126 -32126 -32126 -32126 -32126 -32126 -32126 -32126 -32126 -32126 -32126 -32126 -32128 -32126 -32126 -32126 -32126 -32126 -32127 -32126 -32126 -32126 -32126 -32126 -32126 -32126 -32126 -32126 -32126 -32126 -32126 -32126 -32126 -32126 -32126 -32126 -32126 -32126 -32126 -32126 -32126 -32126 -32127 -32126 -32126 -32126 -32126 -32126 -32126 -32126 -32126 -32126 -32126 -32126 -32126 -32126 -32126 -32126 -32126 -32126 -32126 -32126 -32126 -32126 -32126 -32126 -32126 -32126 -32126
-32126 -32126 -32126 -32126 -32126 -32126 -32126 -32126 -32127 -32126 -32126 -32126 -32126 -32126 -32126 -32126 -32126 -32126 -32126 -32126 -32126 -32128 -32126 -32127 -32126 -32126 -32126 -32126 -32126 -32126 -32126 -32126 -32126 -32126 -32127 -32126 -32126 -32126 -32126 -32126 -32126 -32126 -32126 -32126 -32126 -32126 -32126 -32126 -32126 -32126 -32126 -32127 -32126 -32125 -32127 -32126 -32126 -32126 -32126 -32126 -32126 -32126 -32126 -32126 -32126 -32126 -32126 -32126 -32126 -32126 -32126 -32126 -32126 -32126 -32126 -32126 -32126 -32126 -32128 -32126 -32126 -32126 -32126 -32126 -32126 -32126 -32127 -32128 -32126 -32126 -32126 -32126 -32126 -32126 -32126 -32126 -32126 -32126 -32126 -32126 -32126 -32126 -32126 -32127 -32126 -32126 -32126 -32126 -32126 -32126 -32126 -32126 -32126 -32126 -32126 -32126 -32127 -32127 -32126 -32126 -32127 -32128 -32126 -32126 -32126 -32126 -32127 -32126 -32126 -32126 -32126 -32126 -32126 -32126 -32126 -32126 -32126 -32126 -32126 -32126 -32126 -32126 -32126 -32127 -32126 -32126 -32126 -32126 -32126 -32126 -32126 -32126 -32126 -32126 -32126 -32126 -32126 -32126 -32126 -32126 -32126 -32126 -32126 -32127 -32126 -32126 -32126 -32126 -32126 -32126 -32126 -32126 -32126 -32126 -32126 -32126 -32126 -32127 -32126 -32126 -32126 -32126 -32126 -32126 -32126 -32126 -32126 -32127 -32126 -32126 -32126 -32126 -32126 -32126 -32126 -32126 -32126 -32126 -32128 -32126 -32126 -32126 -32126 -32126 -32126 -32125 -32126 -32126 -32126 -32126 -32126 -32128 -32126 -32127 -32126 -32126 -32126 -32126 -32126 -32126 -32126 -32126 -32126 -32126 -32126 -32126 -32126 -32126 -32126 -32126 -32126 -32126 -32126 -32126 -32127 -32126 -32126 -32126 -32126 -32126 -32126 -32126 -32126 -32126 -32127 -32126 -32126 -32127 -32126 -32126 -32126 -32126 -32126 -32126 -32126 -32126
-32126 -32126 -32126 -32127 -32128 -32126 -32126 -32126 -32126 -32126 -32126 -32126 -32126 -32126 -32126 -32127 -32126 -32126 -32126 -32126 -32126 -32126 -32126 -32126 -32126 -32126 -32126 -32126 -32126 -32127 -32126 -32126 -32126 -32126 -32127 -32126 -32126 -32126 -32128 -32126 -32126 -32126 -32127 -32126 -32126 -32126 -32126 -32126 -32126 -32126 -32125 -32126 -32126 -32126 -32126 -32126 -32126 -32127 -32126 -32126 -32127 -32126 -32126 -32126 -32126 -32126 -32126 -32126 -32126 -32126 -32126 -32126 -32127 -32126 -32126 -32126 -32126 -32126 -32126 -32125 -32126 -32126 -32125 -32126 -32126 -32126 -32126 -32126 -32126 -32126 -32126 -32126 -32126 -32126 -32126 -32126 -32126 -32126 -32126 -32127 -32126 -32127 -32126 -32126 -32126 -32127 -32126 -32126 -32126 -32126 -32126 -32126 -32126 -32126 -32126 -32126 -32126 -32126 -32126 -32126 -32126 -32126 -32126 -32126 -32127 -32126 -32126 -32126 -32127 -32126 -32126 -32126 -32126 -32126 -32126 -32126 -32126 -32126 -32126 -32126 -32126 -32126 -32126 -32126 -32126 -32126 -32126 -32126 -32126 -32126 -32126 -32126 -32126 -32126 -32126 -32126 -32126 -32126 -32126 -32126 -32126 -32126 -32128 -32126 -32126 -32126 -32126 -32126 -32126 -32126 -32126 -32127 -32126 -32126 -32126 -32126 -32126 -32126 -32126 -32126 -32126 -32127 -32126 -32126 -32126 -32126 -32126 -32126 -32126 -32126 -32126 -32126 -32126 -32126 -32126 -32126 -32127 -32126 -32126 -32126 -32126 -32126 -32126 -32125 -32126 -32126 -32126 -32126 -32126 -32126 -32126 -32126 -32126 -32126 -32126 -32126 -32126 -32126 -32126 -32126 -32127 -32126 -32126 -32126 -32126 -32126 -32126 -32126 -32126 -32126 -32126 -32126 -32126 -32126 -32126 -32126 -32126 -32126 -32126 -32126 -32126 -32126 -32126 -32126 -32126 -32126 -32126 -32126 -32126 -32126 -32126 -32126 -32126 -32126 -32126 -32126
-32126 -32127 -32126 -32126 -32126 -32126 -32126 -32126 -32127 -32126 -32126 -32126 -32126 -32126 -32126 -32126 -32126 -32126 -32126 -32126 -32126 -32126 -32126 -32126 -32126 -32126 -32126 -32126 -32126 -32126 -32126 -32126 -32126 -32126 -32126 -32126 -32126 -32126 -32126 -32126 -32126 -32126 -32126 -32126 -32126 -32126 -32126 -32126 -32126 -32126 -32126 -32126 -32126 -32126 -32126 -32127 -32126 -32126 -32126 -32128 -32126 -32126 -32126 -32126 -32126 -32126 -32126 -32126 -32127 -32126 -32126 -32126 -32126 -32126 -32126 -32126 -32127 -32126 -32128 -32126 -32126 -32126 -32126 -32126 -32127 -32128 -32126 -32126 -32126 -32126 -32126 -32125 -32126 -32126 -32126 -32126 -32126 -32126 -32126 -32126 -32126 -32126 -32126 -32126 -32127 -32126 -32126 -32126 -32126 -32127 -32126 -32126 -32126 -32126 -32126 -32126 -32126 -32126 -32126 -32126 -32126 -32126 -32126 -32126 -32126 -32126 -32126 -32126 -32126 -32126 -32127 -32126 -32126 -32128 -32126 -32126 -32126 -32126 -32126 -32126 -32126 -32126 -32126 -32126 -32126 -32126 -32126 -32126 -32126 -32126 -32126 -32126 -32126 -32126 -32126 -32126 -32126 -32126 -32126 -32126 -32126 -32126 -32126 -32127 -32126 -32126 -32127 -32128 -32126 -32126 -32126 -32128 -32126 -32127 -32126 -32126 -32126 -32126 -32126 -32126 -32128 -32126 -32126 -32126 -32126 -32126 -32126 -32126 -32126 -32127 -32126 -32126 -32126 -32126 -32126 -32126 -32126 -32126 -32126 -32126 -32126 -32126 -32126 -32126 -32128 -32126 -32127 -32126 -32126 -32126 -32126 -32126 -32126 -32126 -32126 -32126 -32127 -32126 -32126 -32126 -32126 -32126 -32126 -32126 -32126 -32126 -32126 -32126 -32126 -32126 -32126 -32126 -32126 -32126 -32126 -32126 -32127 -32126 -32126 -32126 -32126 -32126 -32126 -32126 -32126 -32126 -32126 -32126 -32126 -32126 -32126 -32126 -32126 -32126 -32126 -32126
-32126 -32126 -32126 -32126 -32126 -32126 -32126 -32126 -32126 -32126 -32126 -32126 -32126 -32126 -32126 -32126 -32126 -32126 -32126 -32126 -32126 -32126 -32126 -32126 -32126 -32126 -32126 -32126 -32126 -32126 -32126 -32126 -32126 -32126 -32126 -32127 -32126 -32126 -32126 -32126 -32126 -32126 -32126 -32126 -32126 -32126 -32126 -32126 -32126 -32126 -32127 -32126 -32126 -32127 -32126 -32126 -32126 -32126 -32126 -32126 -32126 -32126 -32126 -32126 -32126 -32126 -32126 -32126 -32126 -32126 -32126 -32127 -32126 -32127 -32126 -32126 -32126 -32126 -32126 -32126 -32126 -32126 -32126 -32126 -32127 -32126 -32126 -32126 -32126 -32126 -32126 -32126 -32126 -32126 -32126 -32126 -32126 -32126 -32126 -32126 -32126 -32126 -32126 -32126 -32126 -32127 -32126 -32127 -32126 -32126 -32128 -32126 -32126 -32127 -32126 -32126 -32126 -32126 -32126 -32126 -32127 -32126 -32126 -32126 -32126 -32126 -32126 -32128 -32126 -32126 -32126 -32127 -32126 -32126 -32127 -32126 -32126 -32126 -32127 -32126 -32126 -32126 -32126 -32126 -32126 -32126 -32126 -32126 -32126 -32126 -32126 -32126 -32126 -32126 -32126 -32126 -32126 -32126 -32126 -32126 -32126 -32126 -32126 -32126 -32126 -32126 -32126 -32126 -32127 -32126 -32126 -32126 -32126 -32126 -32126 -32126 -32126 -32126 -32126 -32126 -32126 -32126 -32126 -32126 -32126 -32126 -32126 -32126 -32126 -32126 -32126 -32126 -32126 -32126 -32126 -32126 -32128 -32126 -32126 -32126 -32126 -32126 -32126 -32126 -32126 -32126 -32126 -32126 -32127 -32126 -32126 -32126 -32128 -32127 -32126 -32126 -32126 -32126 -32126 -32126 -32126 -32126 -32126 -32126 -32127 -32126 -32126 -32126 -32126 -32126 -32126 -32126 -32126 -32126 -32126 -32126 -32126 -32126 -32126 -32126 -32126 -32126 -32126 -32126 -32126 -32126 -32126 -32126 -32126 -32126 -32126 -32126 -32126 -32126 -32126 -32127
-32128 -32126 -32126 -32126 -32126 -32126 -32126 -32126 -32125 -32126 -32126 -32126 -32126 -32127 -32126 -32126 -32126 -32126 -32126 -32126 -32126 -32126 -32126 -32126 -32127 -32126 -32126 -32126 -32126 -32126 -32128 -32126 -32126 -32126 -32127 -32126 -32126 -32128 -32126 -32126 -32126 -32126 -32127 -32126 -32126 -32126 -32126 -32126 -32126 -32128 -32126 -32126 -32126 -32127 -32126 -32126 -32126 -32126 -32126 -32126 -32126 -32126 -32125 -32126 -32126 -32126 -32126 -32126 -32126 -32126 -32126 -32126 -32126 -32126 -32126 -32126 -32126 -32126 -32126 -32126 -32126 -32126 -32126 -32126 -32126 -32126 -32126 -32126 -32127 -32126 -32126 -32126 -32126 -32126 -32126 -32126 -32126 -32126 -32126 -32126 -32126 -32126 -32126 -32126 -32126 -32126 -32126 -32128 -32126 -32126 -32126 -32126 -32126 -32126 -32126 -32126 -32126 -32126 -32126 -32126 -32126 -32126 -32126 -32126 -32126 -32126 -32126 -32126 -32126 -32126 -32126 -32126 -32126 -32126 -32126 -32126 -32126 -32127 -32126 -32126 -32126 -32127 -32127 -32127 -32126 -32127 -32126 -32126 -32126 -32126 -32126 -32126 -32126 -32126 -32126 -32126 -32126 -32126 -32126 -32126 -32126 -32126 -32126 -32126 -32126 -32126 -32126 -32126 -32126 -32126 -32126 -32126 -32126 -32126 -32126 -32126 -32126 -32126 -32126 -32126 -32126 -32126 -32126 -32126 -32126 -32126 -32126 -32126 -32126 -32126 -32126 -32126 -32126 -32126 -32127 -32126 -32126 -32126 -32126 -32126 -32127 -32126 -32126 -32126 -32126 -32126 -32126 -32126 -32126 -32127 -32126 -32126 -32126 -32127 -32126 -32126 -32127 -32126 -32126 -32126 -32126 -32126 -32126 -32126 -32126 -32126 -32126 -32126 -32126 -32126 -32126 -32126 -32126 -32126 -32126 -32126 -32127 -32126 -32126 -32126 -32126 -32126 -32126 -32126 -32126 -32126 -32126 -32126 -32126 -32126 -32126 -32125 -32126 -32126 -32126 -32126
-32126 -32126 -32126 -32126 -32126 -32126 -32126 -32126 -32126 -32126 -32126 -32127 -32126 -32125 -32126 -32126 -32126 -32126 -32126 -32126 -32127 -32126 -32126 -32126 -32126 -32126 -32126 -32126 -32126 -32126 -32126 -32126 -32127 -32126 -32126 -32126 -32126 -32126 -32126 -32126 -32126 -32126 -32126 -32126 -32126 -32126 -32126 -32126 -32126 -32126 -32126 -32126 -32126 -32126 -32126 -32126 -32126 -32126 -32126 -32126 -32126 -32128 -32126 -32126 -32126 -32125 -32126 -32126 -32126 -32126 -32126 -32126 -32126 -32126 -32126 -32126 -32126 -32126 -32126 -32126 -32126 -32126 -32126 -32126 -32126 -32126 -32126 -32126 -32126 -32126 -32126 -32126 -32126 -32126 -32127 -32126 -32126 -32126 -32126 -32126 -32126 -32126 -32126 -32126 -32126 -32126 -32126 -32126 -32126 -32126 -32127 -32126 -32126 -32126 -32126 -32126 -32126 -32126 -32126 -32126 -32126 -32126 -32126 -32126 -32126 -32126 -32126 -32126 -32126 -32126 -32126 -32126 -32128 -32126 -32126 -32127 -32126 -32126 -32127 -32126 -32126 -32126 -32126 -32127 -32126 -32126 -32126 -32126 -32126 -32126 -32127 -32126 -32126 -32127 -32126 -32126 -32126 -32127 -32126 -32126 -32127 -32126 -32126 -32126 -32126 -32126 -32126 -32126 -32126 -32126 -32126 -32126 -32126 -32127 -32126 -32126 -32126 -32126 -32126 -32126 -32126 -32126 -32126 -32126 -32127 -32126 -32126 -32126 -32126 -32126 -32126 -32128 -32126 -32126 -32126 -32126 -32126 -32127 -32126 -32126 -32126 -32126 -32126 -32126 -32126 -32126 -32127 -32126 -32126 -32126 -32126 -32126 -32126 -32126 -32126 -32126 -32126 -32126 -32126 -32126 -32126 -32127 -32126 -32126 -32126 -32126 -32127 -32126 -32126 -32126 -32126 -32127 -32126 -32126 -32126 -32126 -32126 -32126 -32126 -32126 -32126 -32126 -32126 -32126 -32126 -32126 -32126 -32126 -32126 -32126 -32126 -32126 -32126 -32126 -32126 -32126
-32126 -32126 -32127 -32126 -32126 -32126 -32126 -32126 -32126 -32126 -32126 -32126 -32126 -32126 -32126 -32126 -32126 -32126 -32126 -32126 -32126 -32126 -32128 -32126 -32126 -32126 -32126 -32127 -32126 -32126 -32126 -32126 -32126 -32126 -32126 -32126 -32126 -32126 -32126 -32126 -32126 -32127 -32126 -32126 -32126 -32126 -32126 -32126 -32126 -32126 -32126 -32126 -32126 -32126 -32126 -32126 -32126 -32126 -32125 -32126 -32126 -32126 -32126 -32126 -32126 -32127 -32126 -32126 -32126 -32126 -32127 -32126 -32126 -32126 -32126 -32126 -32126 -32126 -32126 -32126 -32126 -32126 -32126 -32126 -32126 -32126 -32126 -32126 -32126 -32126 -32126 -32126 -32126 -32126 -32126 -32126 -32126 -32126 -32126 -32126 -32126 -32126 -32126 -32126 -32126 -32126 -32126 -32126 -32126 -32126 -32126 -32126 -32126 -32126 -32126 -32126 -32126 -32126 -32128 -32126 -32126 -32126 -32126 -32126 -32126 -32127 -32126 -32126 -32126 -32126 -32127 -32126 -32126 -32126 -32126 -32126 -32126 -32126 -32126 -32128 -32128 -32126 -32126 -32127 -32126 -32126 -32127 -32126 -32128 -32126 -32126 -32126 -32127 -32126 -32126 -32126 -32126 -32126 -32126 -32126 -32126 -32126 -32126 -32126 -32126 -32126 -32126 -32126 -32126 -32126 -32126 -32127 -32126 -32126 -32126 -32126 -32126 -32126 -32126 -32127 -32126 -32127 -32126 -32126 -32126 -32126 -32126 -32126 -32126 -32126 -32126 -32126 -32126 -32126 -32126 -32126 -32126 -32126 -32126 -32126 -32126 -32126 -32128 -32126 -32126 -32126 -32126 -32126 -32126 -32126 -32126 -32126 -32126 -32127 -32127 -32126 -32126 -32126 -32126 -32127 -32126 -32126 -32126 -32126 -32127 -32126 -32126 -32126 -32126 -32126 -32126 -32126 -32126 -32127 -32126 -32126 -32128 -32126 -32126 -32126 -32126 -32126 -32126 -32126 -32126 -32126 -32126 -32126 -32126 -32126 -32127 -32126 -32126 -32126 -32126 -32126
-32127 -32126 -32126 -32126 -32126 -32126 -32126 -32126 -32126 -32126 -32126 -32126 -32126 -32126 -32126 -32126 -32126 -32126 -32126 -32127 -32127 -32126 -32126 -32126 -32126 -32126 -32126 -32127 -32126 -32126 -32126 -32126 -32126 -32127 -32126 -32127 -32126 -32126 -32126 -32126 -32126 -32126 -32126 -32126 -32125 -32126 -32126 -32126 -32126 -32125 -32126 -32126 -32126 -32127 -32126 -32126 -32126 -32126 -32126 -32126 -32126 -32126 -32126 -32126 -32126 -32128 -32126 -32126 -32126 -32126 -32127 -32126 -32126 -32126 -32126 -32126 -32126 -32126 -32126 -32126 -32126 -32126 -32126 -32126 -32126 -32126 -32126 -32126 -32128 -32127 -32126 -32126 -32126 -32126 -32126 -32126 -32126 -32126 -32128 -32126 -32126 -32126 -32127 -32126 -32126 -32126 -32126 -32126 -32126 -32126 -32126 -32126 -32126 -32126 -32126 -32126 -32128 -32126 -32126 -32126 -32126 -32127 -32126 -32126 -32126 -32126 -32126 -32126 -32126 -32127 -32126 -32126 -32127 -32127 -32127 -32126 -32126 -32126 -32126 -32127 -32126 -32126 -32126 -32126 -32127 -32126 -32126 -32126 -32126 -32126 -32126 -32127 -32126 -32126 -32126 -32126 -32126 -32126 -32126 -32127 -32126 -32126 -32126 -32126 -32125 -32126 -32126 -32126 -32126 -32126 -32126 -32126 -32126 -32127 -32126 -32126 -32127 -32126 -32126 -32126 -32126 -32126 -32126 -32126 -32126 -32126 -32126 -32126 -32126 -32126 -32126 -32126 -32126 -32126 -32126 -32126 -32126 -32126 -32126 -32126 -32126 -32126 -32126 -32126 -32126 -32126 -32126 -32126 -32126 -32127 -32126 -32126 -32126 -32126 -32126 -32126 -32126 -32126 -32126 -32126 -32126 -32126 -32126 -32126 -32126 -32126 -32126 -32128 -32126 -32126 -32126 -32126 -32126 -32126 -32126 -32126 -32126 -32126 -32126 -32126 -32126 -32126 -32128 -32128 -32126 -32126 -32126 -32126 -32126 -32126 -32127 -32126 -32126 -32127 -32126 -32127
-32126 -32126 -32126 -32126 -32126 -32126 -32126 -32126 -32126 -32126 -32126 -32126 -32126 -32126 -32126 -32126 -32126 -32126 -32126 -32127 -32126 -32127 -32128 -32127 -32126 -32126 -32127 -32126 -32126 -32126 -32127 -32126 -32126 -32127 -32126 -32127 -32126 -32126 -32126 -32126 -32126 -32127 -32126 -32126 -32127 -32127 -32126 -32126 -32126 -32126 -32126 -32126 -32126 -32127 -32126 -32126 -32126 -32126 -32126 -32126 -32127 -32126 -32126 -32126 -32126 -32126 -32126 -32126 -32126 -32126 -32126 -32126 -32126 -32126 -32126 -32126 -32126 -32126 -32126 -32126 -32126 -32126 -32126 -32126 -32126 -32126 -32126 -32126 -32126 -32126 -32126 -32127 -32126 -32126 -32126 -32126 -32126 -32126 -32126 -32126 -32126 -32126 -32126 -32126 -32126 -32126 -32126 -32126 -32126 -32126 -32126 -32126 -32126 -32126 -32126 -32126 -32126 -32126 -32126 -32126 -32126 -32126 -32126 -32126 -32126 -32126 -32126 -32126 -32126 -32126 -32127 -32126 -32126 -32126 -32126 -32127 -32126 -32126 -32126 -32126 -32126 -32126 -32126 -32126 -32126 -32126 -32126 -32126 -32126 -32126 -32126 -32127 -32128 -32126 -32126 -32126 -32126 -32126 -32126 -32126 -32126 -32126 -32126 -32126 -32127 -32126 -32126 -32126 -32126 -32126 -32126 -32126 -32126 -32126 -32127 -32126 -32126 -32126 -32127 -32126 -32126 -32127 -32126 -32126 -32126 -32126 -32126 -32126 -32126 -32126 -32126 -32126 -32126 -32126 -32126 -32126 -32126 -32126 -32126 -32126 -32126 -32126 -32126 -32126 -32126 -32126 -32126 -32126 -32126 -32126 -32126 -32126 -32126 -32126 -32126 -32126 -32126 -32126 -32126 -32126 -32126 -32126 -32126 -32126 -32126 -32126 -32126 -32126 -32126 -32126 -32126 -32126 -32126 -32126 -32126 -32127 -32126 -32126 -32126 -32126 -32126 -32126 -32126 -32126 -32126 -32126 -32126 -32126 -32126 -32127 -32126 -32126 -32127 -32126 -32126 -32127
-32127 -32126 -32126 -32127 -32127 -32126 -32126 -32126 -32126 -32126 -32126 -32126 -32126 -32126 -32126 -32126 -32126 -32126 -32126 -32126 -32127 -32126 -32126 -32126 -32126 -32126 -32126 -32126 -32126 -32126 -32126 -32126 -32127 -32126 -32128 -32126 -32126 -32126 -32126 -32128 -32126 -32126 -32126 -32126 -32126 -32126 -32126 -32126 -32126 -32126 -32126 -32126 -32126 -32126 -32126 -32126 -32126 -32126 -32126 -32126 -32126 -32126 -32126 -32126 -32126 -32126 -32126 -32126 -32126 -32126 -32126 -32126 -32128 -32126 -32126 -32127 -32126 -32126 -32126 -32126 -32126 -32126 -32126 -32126 -32126 -32126 -32126 -32126 -32126 -32126 -32126 -32126 -32126 -32126 -32126 -32126 -32126 -32126 -32126 -32126 -32126 -32126 -32126 -32126 -32126 -32126 -32126 -32126 -32126 -32126 -32126 -32126 -32126 -32126 -32126 -32126 -32126 -32126 -32126 -32126 -32126 -32126 -32127 -32126 -32126 -32126 -32126 -32127 -32126 -32126 -32126 -32126 -32126 -32127 -32126 -32126 -32126 -32126 -32126 -32126 -32126 -32126 -32126 -32127 -32126 -32126 -32126 -32128 -32126 -32126 -32126 -32126 -32126 -32126 -32126 -32127 -32126 -32126 -32126 -32126 -32126 -32126 -32126 -32126 -32126 -32126 -32127 -32126 -32126 -32126 -32126 -32126 -32126 -32126 -32128 -32127 -32126 -32126 -32126 -32126 -32126 -32126 -32126 -32126 -32126 -32126 -32126 -32126 -32126 -32127 -32126 -32126 -32126 -32126 -32128 -32126 -32126 -32126 -32126 -32126 -32126 -32126 -32126 -32126 -32127 -32128 -32126 -32126 -32126 -32126 -32126 -32126 -32126 -32126 -32126 -32126 -32126 -32126 -32126 -32126 -32126 -32126 -32126 -32126 -32128 -32126 -32126 -32126 -32127 -32126 -32126 -32126 -32126 -32126 -32126 -32126 -32126 -32126 -32126 -32126 -32126 -32126 -32126 -32126 -32126 -32126 -32126 -32126 -32126 -32126 -32126 -32126 -32126 -32126 -32126 -32127